9360 0
10993 0
10540 0
15164 0
10963 0
5985 0
11039 0
7578 0
3305 0
14096 0
6453 0
11462 0
9359 0
6977 0
10991 1
544 0
4907 0
9717 0
2789 0
10992 1
7516 0
11001 0
10890 0
306 0
8552 0
5321 0
6087 0
10961 0
4242 1
18915 0
20465 0
17580 1
26075 0
858 0
14988 1
1378 0
4778 0
1649 0
304 0
11022 0
754 0
2316 0
11641 0
1832 0
3323 0
870 0
97 0
18258 0
10322 0
15076 0
11219 0
7497 0
5662 1
6560 0
3720 0
14192 1
10967 0
8755 0
13733 0
14834 0
753 1
13706 0
697 0
4654 1
11647 1
1027 0
6582 0
4774 0
21479 0
5449 0
10962 0
4694 0
11007 0
145 0
606 0
9718 0
5986 0
4910 0
19746 0
4123 0
4995 0
5206 0
4775 0
14869 0
15991 0
15870 1
1464 0
8252 0
10483 1
12385 0
1257 0
1461 0
15544 0
2794 0
4994 0
305 0
7515 0
4895 0
5983 0
1309 0
8032 0
11002 0
8008 0
609 0
5982 0
2032 0
11004 0
20328 0
6254 0
10959 0
4708 0
3063 0
694 0
6894 0
10995 0
11010 0
15287 0
174 0
14094 0
11003 0
842 0
6418 0
10421 0
1705 0
3065 0
4892 1
4908 0
831 0
5984 0
1025 0
18917 0
2090 0
11023 0
13034 0
24557 0
4218 0
8657 0
2680 0
4319 0
10999 0
10433 0
14656 0
10965 0
15477 0
17311 0
881 0
4420 0
950 0
2787 1
8157 0
17715 0
8098 0
11464 0
3754 0
20 0
843 0
3646 0
14095 0
2788 0
7130 0
2795 0
45 0
6976 0
5444 0
3403 0
7909 0
17875 0
9546 1
567 0
12901 0
10994 0
15972 0
3066 0
12702 0
5215 0
10894 0
6987 0
13184 0
1768 0
112 0
3043 0
14655 0
6166 1
1627 0
13409 0
6979 0
1144 0
11013 0
1833 0
4241 1
116 0
10997 0
107 0
15292 0
2790 0
6614 1
4893 0
3656 0
634 0
11062 0
5228 0
14018 0
11011 0
10893 0
4656 0
13408 0
1834 0
163 0
11009 0
11465 0
8196 0
15541 0
6276 0
11006 0
19366 0
15254 0
12278 0
10989 1
24258 0
5715 0
6167 1
11000 0
18505 0
2092 0
2163 0
1262 0
1573 0
10249 0
2334 0
5120 0
1831 0
1542 0
2570 0
2146 0
5926 0
10960 0
6978 0
11008 0
4776 0
5980 0
10996 0
20006 0
690 0
6579 0
4091 0
11012 0
312 0
444 0
10966 0
15869 1
4996 0
11005 0
16675 0
623 0
6391 0
10964 0
5987 0
15077 0
1700 0
6983 0
5700 0
14501 0
2315 0
4262 0
18741 0
3673 0
19218 1
1280 0
10990 1
2920 0
802 0
5084 0
3364 0
5981 0
10879 0
10998 0
5625 0
2843 0
